2,17
4,3
4,1
4,0
0,316
0,315
0,314
0,312
0,309
2,6
1,1
1,3
1,0
2,1
2,13
2,3
2,0
0,9
0,310
0,305
0,308
0,304
0,303
0,302
0,307
0,12
0,351
0,10
0,8
0,0
0,440
0,300
0,299
0,438
0,298
0,374
0,297
0,436
0,296
0,353
0,295
0,464
0,294
0,344
0,293
0,432
0,292
0,352
0,291
0,497
0,290
0,320
0,289
0,428
0,288
0,483
0,287
0,426
0,286
0,365
0,285
0,424
0,284
0,482
0,283
0,422
0,282
0,281
0,462
0,280
0,502
0,279
0,455
0,278
0,348
0,277
0,496
0,276
0,494
0,275
0,414
0,274
0,273
0,412
0,272
0,347
0,271
0,409
0,270
0,269
0,407
0,268
0,449
0,267
0,459
0,266
0,501
0,265
0,453
0,264
0,345
0,263
0,339
0,262
0,452
0,261
0,399
0,260
0,479
0,259
0,397
0,258
0,337
0,257
0,395
0,256
0,373
0,255
0,330
0,254
0,448
0,253
0,457
0,252
0,327
0,251
0,450
0,250
0,343
0,249
0,326
0,248
0,247
0,246
0,245
0,383
0,244
0,311
0,242
0,381
0,241
0,329
0,240
0,301
0,239
0,500
0,238
0,376
0,237
0,335
0,236
0,473
0,235
0,364
0,234
0,474
0,233
0,232
0,372
0,231
0,454
0,230
0,368
0,229
0,499
0,228
0,366
0,227
0,323
0,226
0,510
0,225
0,498
0,224
0,362
0,223
0,509
0,222
0,472
0,221
0,371
0,220
0,358
0,219
0,370
0,218
0,369
0,217
0,355
0,216
0,354
0,215
0,461
0,214
0,350
0,213
0,363
0,212
0,507
0,211
0,495
0,210
0,346
0,209
0,506
0,208
0,470
0,207
0,334
0,206
0,342
0,205
0,367
0,204
0,492
0,203
0,349
0,202
0,338
0,201
0,359
0,200
0,336
0,199
0,341
0,198
0,505
0,197
0,490
0,196
0,332
0,195
0,504
0,194
0,468
0,193
0,333
0,192
0,328
0,63
0,361
0,62
0,489
0,61
0,325
0,60
0,59
0,356
0,58
0,321
0,57
0,360
0,56
0,55
0,375
0,54
0,317
0,53
0,503
0,52
0,466
0,51
0,331
0,50
0,313
0,49
0,357
0,48
0,486
0,47
0,340
0,46
0,306
0,45
0,485
0,6
0,5
0,1
0,11
0,4
0,2
0,3
0,7
